0 1
1 1
2 1
3 1
4 1
5 1
6 1
7 1
8 1
9  1
10  1
11  2
12  2
13  2
14  2
15  2
16  3
17  4
18  4
19  7
20  9
21  16
22  19
23  30
24  33
25  48
26  61
27  79
28  91
29  127
30  148
31  175
32  264
33  372
34  450
35  562
36  674
37  860
38  1100
39  1331
40  1696
41  1995
42  2314
43  2606
44  3024
45  3523
46  4032
47  5387
48  6507
49  7560
50  8078
51  8911
52  10328
53  10869
54  12210
55  13197
56  13832
57  14393
58  14967
59  15729
60  17167
61  17920
62  18681
63  19323
64  19718
65  20265
66  20796
67  21340
68  21856
69  22245
70  22614
71  22856
72  23293
73  23660
74  24087
75  24376
76  24594
77  24760
78  24895
79  25201
80  25531
81  25809
82  25987
83  26310
