0 1
1 2
2 3
3 7
4 11
5 12
6 17
7 21
8 29
9 41
10  52
11  79
12  107
13  148
14  197
15  233
16  366
17  463
18  631
19  827
20  1016
21  1266
22  1441
23  1809
24  2158
25  2503
26  2978
27  3405
28  4032
29  4825
30  5476
31  6077
32  6820
33  7503
34  8215
35  9134
36  10023
37  10779
38  11591
39  12428
40  13155
41  13915
42  14681
43  15362
44  15887
45  16523
46  17127
47  17669
48  18279
49  18849
50  19468
51  19899
52  20465
53  21067
54  21645
55  22170
56  22745
57  23227
58  23660
59  24114
60  24648
61  25085
62  25549
63  25969
64  26384
65  26644
66  26977
67  27359
68  27682
69  27967
70  28236
71  28884
72  29079
73  29315
74  29684
75  29958
76  30201
77  30395
