0 1
1 2
2 2
3 6
4 8
5 11
6 12
7 13
8 16
9 17
10  21
11  28
12  32
13  35
14  42
15  43
16  48
17  50
18  53
19  60
20  60
21  66
22  67
23  72
24  75
25  75
26  81
27  84
28  91
29  94
30  102
31  104
32  111
33  120
34  126
35  131
36  139
37  144
38  152
39  158
40  162
41  165
42  169
43  174
44  177
45  183
46  186
47  192
48  200
49  204
50  208
51  211
52  214
53  217
54  222
55  225
56  229
57  230
58  232
59  234
60  236
61  237
62  238
63  240
64  240
65  240
66  242
67  243
68  244
69  246
70  247
71  248
72  250
73  250
74  252
75  254
76  255
77  256
78  256
79  256
