0 1
1 2
2 3
3 8
4 10
5 17
6 30
7 36
8 55
9 86
10  133
11  196
12  294
13  342
14  533
15  638
16  831
17  1093
18  1381
19  1772
20  2311
21  2991
22  3647
23  4365
24  5138
25  5982
26  6803
27  7716
28  8464
29  9387
30  10348
31  11198
32  11947
33  12641
34  13341
35  14045
36  14792
37  15447
38  16081
39  16606
40  17209
41  17756
42  18255
43  18812
44  19130
45  19478
46  20043
47  20453
48  20852
49  21282
50  21717
51  22157
52  22524
53  22902
54  23190
55  23521
56  23822
57  24275
58  24543
59  24824
60  25100
61  25264
62  25428
63  25613
64  25857
65  26070
66  26299
67  26478
