0 1
1 2
2 2
3 3
4 5
5 6
6 8
7 10
8 11
9 21
10  35
11  55
12  71
13  104
14  144
15  177
16  233
17  281
18  335
19  422
20  463
21  578
22  759
23  1019
24  1228
25  1408
26  1789
27  2352
28  2921
29  3605
30  4313
31  4934
32  5373
33  6159
34  7097
35  7978
36  8958
37  9875
38  10612
39  11329
40  12107
41  12868
42  13729
43  14576
44  15464
45  16060
46  16509
47  17337
48  18100
49  18738
50  20223
51  21060
52  21787
53  22792
54  23635
55  24055
56  24393
57  25302
58  26097
59  26771
60  27510
61  28131
62  28446
63  28734
64  29427
65  30076
66  30615
67  31241
68  31587
