0 1
1 1
2 6
3 9
4 11
5 12
6 15
7 19
8 22
9 26
10  30
11  38
12  41
13  49
14  57
15  68
16  86
17  109
18  150
19  206
20  255
21  301
22  414
23  555
24  780
25  1027
26  1295
27  1695
28  2220
29  2583
30  3114
31  4053
32  5102
33  6076
34  7121
35  8451
36  9616
37  10877
38  12848
39  14811
40  16712
41  18747
42  20577
43  22105
44  23640
45  29825
46  32443
47  34619
48  37154
49  39331
50  40901
51  42853
52  45536
53  47894
54  50236
55  52191
56  54256
57  55412
58  56795
59  59265
60  61655
61  63856
62  65753
63  67444
64  68597
65  69921
66  72271
67  74799
68  76928
69  78615
70  80037
